[[[-1.00000000e+01 -1.00000000e+01 -1.00000000e+01 -1.00000000e+01]
  [-1.00000000e+01 -1.00000000e+01 -1.00000000e+01 -1.00000000e+01]
  [-1.00000000e+01 -1.00000000e+01 -1.00000000e+01 -1.00000000e+01]
  [-1.00000000e+01 -1.00000000e+01 -1.00000000e+01 -1.00000000e+01]
  [-1.00000000e+01 -1.00000000e+01 -1.00000000e+01 -1.00000000e+01]
  [-1.00000000e+01 -1.00000000e+01 -1.00000000e+01 -1.00000000e+01]
  [-1.00000000e+01 -1.00000000e+01 -1.00000000e+01 -1.00000000e+01]
  [-1.00000000e+01 -1.00000000e+01 -1.00000000e+01 -1.00000000e+01]
  [-1.00000000e+01 -1.00000000e+01 -1.00000000e+01 -1.00000000e+01]
  [-1.00000000e+01 -1.00000000e+01 -1.00000000e+01 -1.00000000e+01]
  [-1.00000000e+01 -1.00000000e+01 -1.00000000e+01 -1.00000000e+01]
  [-1.00000000e+01 -1.00000000e+01 -1.00000000e+01 -1.00000000e+01]
  [-1.00000000e+01 -1.00000000e+01 -1.00000000e+01 -1.00000000e+01]
  [-1.00000000e+01 -1.00000000e+01 -1.00000000e+01 -1.00000000e+01]
  [-1.00000000e+01 -1.00000000e+01 -1.00000000e+01 -1.00000000e+01]
  [-1.00000000e+01 -1.00000000e+01 -1.00000000e+01 -1.00000000e+01]
  [-1.00000000e+01 -1.00000000e+01 -1.00000000e+01 -1.00000000e+01]
  [-1.00000000e+01 -1.00000000e+01 -1.00000000e+01 -1.00000000e+01]
  [-1.00000000e+01 -1.00000000e+01 -1.00000000e+01 -1.00000000e+01]
  [ 1.90387964e-01 -1.02853060e-01  4.45253730e-01 -9.61706817e-01]
  [-2.92845964e-02 -8.70769620e-02 -3.07947993e-02 -9.66476500e-01]
  [ 4.66654181e-01 -1.67339444e-01  3.85853767e-01 -9.59377289e-01]
  [-3.90780270e-01  2.71649480e-01 -2.87555575e-01 -9.63676274e-01]
  [ 9.59582210e-01  3.90867949e-01  7.92247057e-01 -9.78197157e-01]
  [ 6.84685946e-01  2.83601999e-01  8.01260591e-01 -9.72714543e-01]]

 [[-5.64690292e-01 -1.80380702e-01  3.93440723e-01 -8.86699855e-01]
  [ 9.11434889e-01  5.74173927e-02  1.07980847e-01 -9.11371112e-01]
  [ 4.09762383e-01 -7.03278780e-02  4.48181987e-01 -9.59859073e-01]
  [-3.23978603e-01 -1.91726983e-01  6.83131218e-01 -9.07685041e-01]
  [ 7.87306786e-01 -1.41894817e-02  2.52157927e-01 -9.05439138e-01]
  [-5.10725617e-01 -2.21296012e-01  4.80859280e-01 -9.12050188e-01]
  [ 9.12571192e-01  2.32455730e-02  1.87612295e-01 -9.28235173e-01]
  [ 3.18401217e-01  8.96489620e-03  4.12610292e-01 -9.52889621e-01]
  [-4.54230547e-01 -1.33098483e-01  5.26291966e-01 -9.08092737e-01]
  [ 8.52802753e-01  1.23818636e-01  1.18166924e-01 -9.35316920e-01]
  [-3.12525749e-01 -7.30816722e-02  4.04943705e-01 -9.05849934e-01]
  [ 9.13644195e-01  1.06768489e-01  2.03563333e-01 -9.30084825e-01]
  [-2.05078006e-01  2.56017447e-02  5.00954866e-01 -9.37121928e-01]
  [ 8.61629248e-01  1.02003455e-01  4.71986890e-01 -9.29427743e-01]
  [-1.07580662e-01  1.16931200e-02  4.48108673e-01 -9.55139101e-01]
  [-1.57331109e-01  5.43808937e-02  2.69803286e-01 -9.39484179e-01]
  [-2.11256981e-01 -4.70999479e-02  7.87246227e-02 -9.20102894e-01]
  [ 3.83137226e-01  1.42097473e-03  7.94539452e-02 -9.02280927e-01]
  [-4.83522892e-01 -2.87029147e-02  3.08296680e-02 -9.20133829e-01]
  [ 9.06060219e-01  1.30655169e-01  4.16046381e-02 -8.83847296e-01]
  [-7.49310851e-02 -2.94184268e-01  7.66879320e-01 -9.39087391e-01]
  [ 5.96261978e-01 -1.78271651e-01  6.84539676e-01 -9.42091346e-01]
  [-6.15528226e-02 -2.44880855e-01  2.61892319e-01 -9.26761985e-01]
  [-1.37084544e-01  1.13567948e-01  6.97877407e-02 -9.36412454e-01]
  [ 1.22076631e-01  1.98780894e-01  4.22579050e-02 -9.29516435e-01]]

 [[-1.00000000e+01 -1.00000000e+01 -1.00000000e+01 -1.00000000e+01]
  [-1.00000000e+01 -1.00000000e+01 -1.00000000e+01 -1.00000000e+01]
  [-1.00000000e+01 -1.00000000e+01 -1.00000000e+01 -1.00000000e+01]
  [-1.00000000e+01 -1.00000000e+01 -1.00000000e+01 -1.00000000e+01]
  [-1.00000000e+01 -1.00000000e+01 -1.00000000e+01 -1.00000000e+01]
  [-1.00000000e+01 -1.00000000e+01 -1.00000000e+01 -1.00000000e+01]
  [-1.00000000e+01 -1.00000000e+01 -1.00000000e+01 -1.00000000e+01]
  [-1.00000000e+01 -1.00000000e+01 -1.00000000e+01 -1.00000000e+01]
  [-1.00000000e+01 -1.00000000e+01 -1.00000000e+01 -1.00000000e+01]
  [-1.00000000e+01 -1.00000000e+01 -1.00000000e+01 -1.00000000e+01]
  [-1.00000000e+01 -1.00000000e+01 -1.00000000e+01 -1.00000000e+01]
  [-1.00000000e+01 -1.00000000e+01 -1.00000000e+01 -1.00000000e+01]
  [-1.00000000e+01 -1.00000000e+01 -1.00000000e+01 -1.00000000e+01]
  [ 8.39352608e-04  3.09864283e-02 -2.75027752e-03 -9.53118742e-01]
  [-9.25719738e-04  3.04764509e-02 -2.06661224e-03 -9.53873277e-01]
  [ 2.43067741e-03  2.99855471e-02 -2.62939930e-03 -9.54556882e-01]
  [ 2.50303745e-03  2.35574245e-02 -2.29179859e-03 -9.55427945e-01]
  [ 1.19411945e-02 -1.49511099e-02 -5.91838360e-03 -9.56596255e-01]
  [-1.58393383e-03 -2.73825526e-02 -3.19403410e-03 -9.57444489e-01]
  [ 1.06438398e-02 -3.66508961e-02 -5.90509176e-03 -9.57831204e-01]
  [ 2.18904018e-03 -4.45087552e-02 -7.58230686e-04 -9.58273172e-01]
  [ 8.75329971e-03 -4.81418967e-02 -6.78855181e-03 -9.59200740e-01]
  [ 6.96897507e-03 -5.01272082e-02 -5.33688068e-03 -9.60112870e-01]
  [ 7.57944584e-03 -5.10959625e-02 -9.92667675e-03 -9.61276710e-01]
  [ 6.18231297e-03 -5.09691834e-02 -1.27050877e-02 -9.62557495e-01]]

 [[-1.00000000e+01 -1.00000000e+01 -1.00000000e+01 -1.00000000e+01]
  [-1.00000000e+01 -1.00000000e+01 -1.00000000e+01 -1.00000000e+01]
  [-1.00000000e+01 -1.00000000e+01 -1.00000000e+01 -1.00000000e+01]
  [-1.00000000e+01 -1.00000000e+01 -1.00000000e+01 -1.00000000e+01]
  [-1.00000000e+01 -1.00000000e+01 -1.00000000e+01 -1.00000000e+01]
  [-1.00000000e+01 -1.00000000e+01 -1.00000000e+01 -1.00000000e+01]
  [-1.00000000e+01 -1.00000000e+01 -1.00000000e+01 -1.00000000e+01]
  [ 1.17711782e-01  2.13895559e-01 -7.90874600e-01  2.04582930e-01]
  [-2.48524427e-01 -2.72620559e-01 -6.75214589e-01  5.00038385e-01]
  [ 2.62705564e-01  4.58751440e-01 -8.46850038e-01 -2.96181798e-01]
  [-4.86234069e-01 -2.05146194e-01 -5.64900041e-01  4.58894849e-01]
  [ 3.26708198e-01  2.37970829e-01 -9.13835466e-01 -3.08810949e-01]
  [-6.47698641e-02 -1.79738998e-01 -6.76938891e-01  3.01785946e-01]
  [ 5.16272783e-02 -3.55744362e-01 -7.51168966e-01 -2.62347460e-02]
  [ 1.66658044e-01  3.40895891e-01 -6.16309106e-01 -5.44139504e-01]
  [-1.51473641e-01 -1.52109146e-01 -6.04905546e-01  2.44327664e-01]
  [ 6.25848770e-02 -3.24333310e-02 -7.44730830e-01  1.12541199e-01]
  [-1.28390551e-01 -3.61050904e-01 -7.24852920e-01  1.83629990e-03]
  [ 7.90719986e-02  4.52182531e-01 -6.45874023e-01 -3.79187703e-01]
  [-2.37466693e-01 -2.46345043e-01 -6.08127296e-01  1.40606523e-01]
  [ 1.70772552e-01  5.89195967e-01 -7.65781999e-01  6.22968912e-01]
  [-8.60667050e-01 -6.73394084e-01 -4.71399307e-01  4.07881618e-01]
  [ 2.08012819e-01  5.62456608e-01 -9.54060614e-01 -8.44708979e-01]
  [-1.67607665e-01 -4.20106053e-01 -7.84320533e-01  1.23276353e-01]
  [ 4.41542625e-01  8.75693440e-01 -7.73488402e-01  6.06293440e-01]]

 [[-1.00000000e+01 -1.00000000e+01 -1.00000000e+01 -1.00000000e+01]
  [-1.00000000e+01 -1.00000000e+01 -1.00000000e+01 -1.00000000e+01]
  [-1.00000000e+01 -1.00000000e+01 -1.00000000e+01 -1.00000000e+01]
  [-1.00000000e+01 -1.00000000e+01 -1.00000000e+01 -1.00000000e+01]
  [-1.00000000e+01 -1.00000000e+01 -1.00000000e+01 -1.00000000e+01]
  [-1.00000000e+01 -1.00000000e+01 -1.00000000e+01 -1.00000000e+01]
  [-1.00000000e+01 -1.00000000e+01 -1.00000000e+01 -1.00000000e+01]
  [-6.46138191e-03  2.95935869e-02  9.11712646e-04 -9.48495626e-01]
  [ 1.77145004e-04  3.13061476e-02 -3.52287292e-03 -9.49011862e-01]
  [-1.13791227e-03  3.07822227e-02 -8.87334347e-04 -9.49899673e-01]
  [-1.87605619e-03  3.13742161e-02 -3.06820869e-03 -9.50692594e-01]
  [ 8.56041908e-04  3.11030149e-02 -2.12347507e-03 -9.51532364e-01]
  [-2.36839056e-03  3.10429335e-02 -2.42316723e-03 -9.52330470e-01]
  [ 8.39352608e-04  3.09864283e-02 -2.75027752e-03 -9.53118742e-01]
  [-9.25719738e-04  3.04764509e-02 -2.06661224e-03 -9.53873277e-01]
  [ 2.43067741e-03  2.99855471e-02 -2.62939930e-03 -9.54556882e-01]
  [ 2.50303745e-03  2.35574245e-02 -2.29179859e-03 -9.55427945e-01]
  [ 1.19411945e-02 -1.49511099e-02 -5.91838360e-03 -9.56596255e-01]
  [-1.58393383e-03 -2.73825526e-02 -3.19403410e-03 -9.57444489e-01]
  [ 1.06438398e-02 -3.66508961e-02 -5.90509176e-03 -9.57831204e-01]
  [ 2.18904018e-03 -4.45087552e-02 -7.58230686e-04 -9.58273172e-01]
  [ 8.75329971e-03 -4.81418967e-02 -6.78855181e-03 -9.59200740e-01]
  [ 6.96897507e-03 -5.01272082e-02 -5.33688068e-03 -9.60112870e-01]
  [ 7.57944584e-03 -5.10959625e-02 -9.92667675e-03 -9.61276710e-01]
  [ 6.18231297e-03 -5.09691834e-02 -1.27050877e-02 -9.62557495e-01]]

 [[-1.00000000e+01 -1.00000000e+01 -1.00000000e+01 -1.00000000e+01]
  [-1.00000000e+01 -1.00000000e+01 -1.00000000e+01 -1.00000000e+01]
  [-1.00000000e+01 -1.00000000e+01 -1.00000000e+01 -1.00000000e+01]
  [-1.00000000e+01 -1.00000000e+01 -1.00000000e+01 -1.00000000e+01]
  [-1.00000000e+01 -1.00000000e+01 -1.00000000e+01 -1.00000000e+01]
  [-1.00000000e+01 -1.00000000e+01 -1.00000000e+01 -1.00000000e+01]
  [-1.00000000e+01 -1.00000000e+01 -1.00000000e+01 -1.00000000e+01]
  [-1.00000000e+01 -1.00000000e+01 -1.00000000e+01 -1.00000000e+01]
  [-1.00000000e+01 -1.00000000e+01 -1.00000000e+01 -1.00000000e+01]
  [-1.00000000e+01 -1.00000000e+01 -1.00000000e+01 -1.00000000e+01]
  [-1.87605619e-03  3.13742161e-02 -3.06820869e-03 -9.50692594e-01]
  [ 8.56041908e-04  3.11030149e-02 -2.12347507e-03 -9.51532364e-01]
  [-2.36839056e-03  3.10429335e-02 -2.42316723e-03 -9.52330470e-01]
  [ 8.39352608e-04  3.09864283e-02 -2.75027752e-03 -9.53118742e-01]
  [-9.25719738e-04  3.04764509e-02 -2.06661224e-03 -9.53873277e-01]
  [ 2.43067741e-03  2.99855471e-02 -2.62939930e-03 -9.54556882e-01]
  [ 2.50303745e-03  2.35574245e-02 -2.29179859e-03 -9.55427945e-01]
  [ 1.19411945e-02 -1.49511099e-02 -5.91838360e-03 -9.56596255e-01]
  [-1.58393383e-03 -2.73825526e-02 -3.19403410e-03 -9.57444489e-01]
  [ 1.06438398e-02 -3.66508961e-02 -5.90509176e-03 -9.57831204e-01]
  [ 2.18904018e-03 -4.45087552e-02 -7.58230686e-04 -9.58273172e-01]
  [ 8.75329971e-03 -4.81418967e-02 -6.78855181e-03 -9.59200740e-01]
  [ 6.96897507e-03 -5.01272082e-02 -5.33688068e-03 -9.60112870e-01]
  [ 7.57944584e-03 -5.10959625e-02 -9.92667675e-03 -9.61276710e-01]
  [ 6.18231297e-03 -5.09691834e-02 -1.27050877e-02 -9.62557495e-01]]]