[array([[[-16.46640478, -15.67724052, -16.11410345, ..., -14.74134606,
         -14.84510944, -14.94268916],
        [-16.46640478, -15.67724052, -16.11410345, ..., -14.74134606,
         -14.84510944, -14.94268916],
        [-16.46640478, -15.67724052, -16.11410345, ..., -14.74134606,
         -14.84510944, -14.94268916],
        ...,
        [ -0.46860935,  -0.55190326,  -0.71786959, ...,  -0.334243  ,
          -0.6537958 ,  -1.26305262],
        [ -0.46860935,  -0.55190326,  -0.71786959, ...,  -0.83660774,
          -1.30295373,  -1.48047731],
        [ -0.46860935,  -0.55190326,  -0.71786959, ...,  -1.1236733 ,
          -1.30295373,  -1.33552751]]]), array([[[-0.21961643, -0.55190326, -0.83319718, ..., -1.26720608,
         -1.30295373, -1.33552751],
        [-0.21961643, -0.55190326, -0.71786959, ..., -1.19543969,
         -1.23082507, -1.11810283],
        [-0.21961643, -0.43510529, -0.25655921, ...,  0.67945728,
          0.79779346,  0.77530382],
        ...,
        [-0.21961643, -0.43510529, -0.3718868 , ..., -1.33897248,
         -1.30295373, -0.17592919],
        [-0.21961643, -0.43510529, -0.3718868 , ..., -1.33897248,
         -1.30295373, -0.17592919],
        [-0.21961643, -0.43510529, -0.3718868 , ..., -1.33897248,
         -1.30295373, -0.17592919]]]), array([[[-0.34411289, -0.43510529, -0.83319718, ...,  0.82299006,
          0.79779346,  0.77530382],
        [-0.34411289, -0.43510529, -0.83319718, ...,  0.82299006,
          0.79779346,  0.77530382],
        [-0.34411289, -0.43510529, -0.83319718, ...,  0.82299006,
          0.79779346,  0.77530382],
        ...,
        [-0.21961643,  0.61607645,  0.43540636, ...,  0.82299006,
          0.79779346,  0.77530382],
        [-0.21961643,  0.61607645,  0.43540636, ...,  0.82299006,
          0.79779346,  0.77530382],
        [-0.21961643,  0.61607645,  0.43540636, ...,  0.82299006,
          0.79779346,  0.77530382]]]), array([[[-16.46640478, -15.67724052, -16.11410345, ..., -14.74134606,
         -14.84510944, -14.94268916],
        [-16.46640478, -15.67724052, -16.11410345, ..., -14.74134606,
         -14.84510944, -14.94268916],
        [-16.46640478, -15.67724052, -16.11410345, ..., -14.74134606,
         -14.84510944, -14.94268916],
        ...,
        [  0.15387296,   0.96647036,   0.6804775 , ...,   0.82299006,
           0.79779346,   0.77530382],
        [  0.15387296,   0.96647036,   0.6804775 , ...,   0.82299006,
           0.79779346,   0.77530382],
        [  0.15387296,   0.96647036,   0.6804775 , ...,   0.82299006,
           0.79779346,   0.77530382]]]), array([[[-0.46860935, -0.43510529,  0.32007876, ...,  0.82299006,
          0.79779346,  0.77530382],
        [-0.46860935, -0.43510529,  0.32007876, ...,  0.82299006,
          0.79779346,  0.77530382],
        [-0.46860935, -0.43510529,  0.32007876, ...,  0.82299006,
          0.79779346,  0.77530382],
        ...,
        [-0.34411289, -0.31830732,  0.08942358, ...,  0.82299006,
          0.79779346,  0.77530382],
        [-0.34411289, -0.31830732,  0.08942358, ...,  0.82299006,
          0.79779346,  0.77530382],
        [-0.34411289, -0.31830732,  0.08942358, ...,  0.82299006,
          0.79779346,  0.77530382]]]), array([[[ 0.40286588,  0.49927848,  0.5651499 , ..., -1.33897248,
         -1.37508239, -1.40800241],
        [ 0.40286588,  0.49927848,  0.5651499 , ...,  0.75122367,
          0.79779346,  0.77530382],
        [ 0.40286588,  0.49927848,  0.5651499 , ...,  0.82299006,
          0.79779346,  0.77530382],
        ...,
        [-0.34411289,  0.61607645,  0.43540636, ...,  0.82299006,
          0.79779346,  0.77530382],
        [-0.34411289,  0.61607645,  0.43540636, ...,  0.82299006,
          0.79779346,  0.77530382],
        [-0.34411289,  0.61607645,  0.43540636, ...,  0.82299006,
          0.79779346,  0.77530382]]]), array([[[-16.46640478, -15.67724052, -16.11410345, ..., -14.74134606,
         -14.84510944, -14.94268916],
        [-16.46640478, -15.67724052, -16.11410345, ..., -14.74134606,
         -14.84510944, -14.94268916],
        [-16.46640478, -15.67724052, -16.11410345, ..., -14.74134606,
         -14.84510944, -14.94268916],
        ...,
        [ -0.34411289,  -0.55190326,  -1.17917996, ...,   0.82299006,
           0.79779346,   0.77530382],
        [ -0.34411289,  -0.55190326,  -1.17917996, ...,   0.82299006,
           0.79779346,   0.77530382],
        [ -0.34411289,  -0.55190326,  -1.17917996, ...,   0.82299006,
           0.79779346,   0.77530382]]]), array([[[-0.21961643, -0.31830732,  0.08942358, ...,  0.67945728,
          0.7256648 ,  0.70282892],
        [-0.21961643, -0.20150935,  0.32007876, ...,  0.82299006,
          0.79779346,  0.77530382],
        [-0.21961643,  0.14888456,  0.5651499 , ...,  0.82299006,
          0.79779346,  0.77530382],
        ...,
        [-0.21961643, -0.31830732, -0.25655921, ...,  0.89475645,
          0.79779346,  0.77530382],
        [-0.21961643, -0.31830732, -0.25655921, ...,  0.82299006,
          0.79779346,  0.77530382],
        [-0.21961643, -0.31830732, -0.25655921, ...,  0.82299006,
          0.79779346,  0.77530382]]]), array([[[-16.46640478, -15.67724052, -16.11410345, ..., -14.74134606,
         -14.84510944, -14.94268916],
        [-16.46640478, -15.67724052, -16.11410345, ..., -14.74134606,
         -14.84510944, -14.94268916],
        [-16.46640478, -15.67724052, -16.11410345, ..., -14.74134606,
         -14.84510944, -14.94268916],
        ...,
        [  0.52736235,   0.96647036,   0.5651499 , ...,   0.82299006,
           0.79779346,   0.77530382],
        [  0.52736235,   0.96647036,   0.5651499 , ...,   0.82299006,
           0.79779346,   0.77530382],
        [  0.52736235,   0.96647036,   0.5651499 , ...,   0.82299006,
           0.79779346,   0.77530382]]]), array([[[-0.46860935, -0.20150935,  0.43540636, ..., -1.26720608,
         -1.30295373, -1.33552751],
        [-0.34411289, -0.08471138,  0.5651499 , ..., -1.33897248,
         -1.37508239, -1.33552751],
        [-0.34411289,  0.14888456,  0.6804775 , ..., -1.26720608,
         -0.87018178, -0.39335387],
        ...,
        [ 0.0293765 , -0.31830732, -0.14123161, ...,  0.82299006,
          0.79779346,  0.77530382],
        [ 0.0293765 , -0.31830732, -0.14123161, ...,  0.82299006,
          0.79779346,  0.77530382],
        [ 0.0293765 , -0.31830732, -0.14123161, ...,  0.82299006,
          0.79779346,  0.77530382]]]), array([[[-16.46640478, -15.67724052, -16.11410345, ..., -14.74134606,
         -14.84510944, -14.94268916],
        [-16.46640478, -15.67724052, -16.11410345, ..., -14.74134606,
         -14.84510944, -14.94268916],
        [-16.46640478, -15.67724052, -16.11410345, ..., -14.74134606,
         -14.84510944, -14.94268916],
        ...,
        [ -0.46860935,  -0.66870123,  -0.94852478, ...,  -1.26720608,
          -1.30295373,  -1.33552751],
        [ -0.46860935,  -0.66870123,  -0.94852478, ...,  -1.26720608,
          -1.30295373,  -1.33552751],
        [ -0.46860935,  -0.66870123,  -0.94852478, ...,  -1.26720608,
          -1.30295373,  -1.33552751]]]), array([[[-0.21961643, -0.43510529, -0.02590402, ..., -1.26720608,
         -1.30295373, -1.33552751],
        [-0.09511997, -0.31830732, -0.14123161, ..., -1.26720608,
         -1.30295373, -1.33552751],
        [ 0.0293765 , -0.20150935, -0.25655921, ..., -1.26720608,
         -1.30295373, -1.33552751],
        ...,
        [ 0.0293765 , -0.20150935, -0.3718868 , ..., -1.05190691,
         -1.23082507, -1.26305262],
        [ 0.0293765 , -0.20150935, -0.3718868 , ..., -1.05190691,
         -1.23082507, -1.26305262],
        [ 0.0293765 , -0.20150935, -0.3718868 , ..., -1.05190691,
         -1.23082507, -1.26305262]]]), array([[[  0.65185881,   0.96647036,   0.5651499 , ...,   0.82299006,
           0.79779346,   0.77530382],
        [  0.65185881,   0.96647036,   0.5651499 , ...,   0.82299006,
           0.79779346,   0.77530382],
        [  0.65185881,   0.96647036,   0.5651499 , ...,   0.82299006,
           0.79779346,   0.77530382],
        ...,
        [  4.90030059,   4.71860518,   5.07734204, ...,   0.82299006,
           0.79779346,   0.77530382],
        [  3.90432889,   0.73287442,  -8.70430551, ...,   0.82299006,
           0.79779346,   0.77530382],
        [-11.09360432, -10.63667808, -11.13699695, ...,   0.82299006,
           0.79779346,   0.77530382]]]), array([[[-16.46640478, -15.67724052, -16.11410345, ..., -14.74134606,
         -14.84510944, -14.94268916],
        [-16.46640478, -15.67724052, -16.11410345, ..., -14.74134606,
         -14.84510944, -14.94268916],
        [-16.46640478, -15.67724052, -16.11410345, ..., -14.74134606,
         -14.84510944, -14.94268916],
        ...,
        [ -0.34411289,   0.14888456,  -0.02590402, ...,   0.82299006,
           0.79779346,   0.77530382],
        [ -0.21961643,   0.26568253,   0.08942358, ...,   0.82299006,
           0.79779346,   0.77530382],
        [ -0.34411289,   0.14888456,  -0.02590402, ...,   0.82299006,
           0.79779346,   0.77530382]]]), array([[[-0.21961643, -0.43510529,  0.08942358, ..., -1.26720608,
         -1.30295373, -1.33552751],
        [-0.21961643, -0.43510529,  0.08942358, ..., -1.26720608,
         -1.30295373, -1.33552751],
        [-0.21961643, -0.43510529, -0.25655921, ..., -1.26720608,
         -1.30295373, -1.33552751],
        ...,
        [-0.34411289, -0.55190326, -0.83319718, ...,  0.82299006,
          0.79779346,  0.77530382],
        [-0.34411289, -0.55190326, -0.83319718, ...,  0.82299006,
          0.79779346,  0.77530382],
        [-0.34411289, -0.55190326, -0.71786959, ...,  0.82299006,
          0.79779346,  0.77530382]]]), array([[[-16.46640478, -15.67724052, -16.11410345, ..., -14.74134606,
         -14.84510944, -14.94268916],
        [-16.46640478, -15.67724052, -16.11410345, ..., -14.74134606,
         -14.84510944, -14.94268916],
        [-16.46640478, -15.67724052, -16.11410345, ..., -14.74134606,
         -14.84510944, -14.94268916],
        ...,
        [-16.46640478, -15.67724052, -16.11410345, ..., -14.74134606,
         -14.84510944, -14.94268916],
        [ -0.21961643,  -0.43510529,  -0.4872144 , ...,  -1.19543969,
          -1.23082507,  -1.19057772],
        [ -0.21961643,  -0.43510529,  -0.4872144 , ...,  -0.40600939,
           0.43715016,   0.84777871]]]), array([[[-16.46640478, -15.67724052, -16.11410345, ..., -14.74134606,
         -14.84510944, -14.94268916],
        [-16.46640478, -15.67724052, -16.11410345, ..., -14.74134606,
         -14.84510944, -14.94268916],
        [-16.46640478, -15.67724052, -16.11410345, ..., -14.74134606,
         -14.84510944, -14.94268916],
        ...,
        [-16.46640478, -15.67724052, -16.11410345, ..., -14.74134606,
         -14.84510944, -14.94268916],
        [-16.46640478, -15.67724052, -16.11410345, ..., -14.74134606,
         -14.84510944, -14.94268916],
        [ -0.21961643,  -0.20150935,   0.43540636, ...,  -1.26720608,
          -0.79805312,  -0.46582877]]]), array([[[-16.46640478, -15.67724052, -16.11410345, ..., -14.74134606,
         -14.84510944, -14.94268916],
        [-16.46640478, -15.67724052, -16.11410345, ..., -14.74134606,
         -14.84510944, -14.94268916],
        [-16.46640478, -15.67724052, -16.11410345, ..., -14.74134606,
         -14.84510944, -14.94268916],
        ...,
        [  0.0293765 ,  -0.08471138,   0.08942358, ...,  -0.69307495,
          -0.72592446,  -0.90067814],
        [  0.0293765 ,  -0.08471138,   0.08942358, ...,   0.09635535,
          -0.22102385,  -1.11810283],
        [  0.0293765 ,  -0.08471138,   0.08942358, ...,  -0.04717743,
          -1.08656776,  -1.48047731]]]), array([[[-0.34411289, -0.43510529, -0.3718868 , ...,  0.82299006,
          0.79779346,  0.77530382],
        [-0.21961643, -0.43510529, -0.25655921, ...,  0.82299006,
          0.79779346,  0.77530382],
        [-0.21961643, -0.43510529, -0.25655921, ...,  0.82299006,
          0.79779346,  0.77530382],
        ...,
        [-0.34411289, -0.20150935,  0.43540636, ...,  0.82299006,
          0.79779346,  0.77530382],
        [-0.34411289, -0.20150935,  0.43540636, ...,  0.82299006,
          0.79779346,  0.77530382],
        [-0.34411289, -0.20150935,  0.43540636, ...,  0.82299006,
          0.79779346,  0.77530382]]]), array([[[-0.21961643, -0.43510529, -1.06385237, ..., -1.26720608,
         -1.23082507, -1.26305262],
        [-0.21961643, -0.43510529, -1.06385237, ..., -1.26720608,
         -1.30295373, -1.26305262],
        [-0.21961643, -0.43510529, -1.06385237, ..., -1.26720608,
         -1.30295373, -1.26305262],
        ...,
        [-0.21961643, -0.43510529, -1.06385237, ..., -1.26720608,
         -1.30295373, -1.33552751],
        [-0.21961643, -0.43510529, -1.06385237, ..., -1.26720608,
         -1.30295373, -1.33552751],
        [-0.21961643, -0.43510529, -1.06385237, ..., -1.26720608,
         -1.30295373, -1.33552751]]]), array([[[ 0.0293765 ,  0.14888456,  0.43540636, ..., -1.26720608,
         -1.30295373, -1.33552751],
        [ 0.0293765 ,  0.38248051,  0.6804775 , ...,  0.75122367,
          0.86992212,  1.0652034 ],
        [ 0.0293765 ,  0.49927848,  0.79580509, ...,  0.82299006,
          0.79779346,  0.77530382],
        ...,
        [-0.46860935, -0.08471138,  0.08942358, ...,  0.82299006,
          0.79779346,  0.77530382],
        [-0.46860935, -0.08471138,  0.08942358, ...,  0.82299006,
          0.79779346,  0.77530382],
        [-0.46860935, -0.20150935, -0.02590402, ...,  0.82299006,
          0.79779346,  0.77530382]]]), array([[[-16.46640478, -15.67724052, -16.11410345, ..., -14.74134606,
         -14.84510944, -14.94268916],
        [-16.46640478, -15.67724052, -16.11410345, ..., -14.74134606,
         -14.84510944, -14.94268916],
        [-16.46640478, -15.67724052, -16.11410345, ..., -14.74134606,
         -14.84510944, -14.94268916],
        ...,
        [ -0.34411289,  -0.43510529,  -0.4872144 , ...,  -1.26720608,
          -1.30295373,  -1.33552751],
        [ -0.34411289,  -0.43510529,  -0.4872144 , ...,  -1.26720608,
          -1.30295373,  -1.33552751],
        [ -0.34411289,  -0.43510529,  -0.4872144 , ...,  -1.26720608,
          -1.30295373,  -1.33552751]]]), array([[[-16.46640478, -15.67724052, -16.11410345, ..., -14.74134606,
         -14.84510944, -14.94268916],
        [-16.46640478, -15.67724052, -16.11410345, ..., -14.74134606,
         -14.84510944, -14.94268916],
        [-16.46640478, -15.67724052, -16.11410345, ..., -14.74134606,
         -14.84510944, -14.94268916],
        ...,
        [ -0.21961643,   0.14888456,   0.6804775 , ...,   0.82299006,
           0.79779346,   0.77530382],
        [ -0.21961643,   0.14888456,   0.6804775 , ...,   0.82299006,
           0.79779346,   0.77530382],
        [ -0.21961643,   0.14888456,   0.6804775 , ...,   0.82299006,
           0.79779346,   0.77530382]]]), array([[[-0.09511997, -0.31830732, -0.83319718, ..., -1.26720608,
         -1.30295373, -1.33552751],
        [-0.09511997, -0.31830732, -0.83319718, ..., -1.26720608,
         -1.30295373, -1.33552751],
        [-0.09511997, -0.31830732, -0.83319718, ..., -1.26720608,
         -1.30295373, -1.33552751],
        ...,
        [-0.09511997, -0.31830732, -0.83319718, ..., -1.26720608,
         -1.30295373, -1.33552751],
        [-0.09511997, -0.31830732, -0.83319718, ..., -1.26720608,
         -1.30295373, -1.33552751],
        [-0.09511997, -0.31830732, -0.83319718, ..., -1.26720608,
         -1.30295373, -1.33552751]]]), array([[[-16.46640478, -15.67724052, -16.11410345, ..., -14.74134606,
         -14.84510944, -14.94268916],
        [-16.46640478, -15.67724052, -16.11410345, ..., -14.74134606,
         -14.84510944, -14.94268916],
        [ -0.34411289,  -0.31830732,   0.43540636, ...,   0.82299006,
           0.79779346,   0.77530382],
        ...,
        [ -0.34411289,  -0.31830732,   0.43540636, ...,   0.82299006,
           0.79779346,   0.77530382],
        [ -0.34411289,  -0.31830732,   0.43540636, ...,   0.82299006,
           0.79779346,   0.77530382],
        [ -0.34411289,  -0.31830732,   0.43540636, ...,   0.82299006,
           0.79779346,   0.77530382]]]), array([[[-16.46640478, -15.67724052, -16.11410345, ..., -14.74134606,
         -14.84510944, -14.94268916],
        [-16.46640478, -15.67724052, -16.11410345, ..., -14.74134606,
         -14.84510944, -14.94268916],
        [-16.46640478, -15.67724052, -16.11410345, ..., -14.74134606,
         -14.84510944, -14.94268916],
        ...,
        [ -0.46860935,  -0.31830732,  -0.71786959, ...,  -1.26720608,
          -1.30295373,  -1.33552751],
        [ -0.46860935,  -0.31830732,  -0.71786959, ...,  -1.26720608,
          -1.30295373,  -1.33552751],
        [ -0.46860935,  -0.31830732,  -0.71786959, ...,  -1.26720608,
          -1.30295373,  -1.33552751]]]), array([[[0.0293765 , 0.49927848, 1.14178788, ..., 0.82299006,
         0.79779346, 0.77530382],
        [0.0293765 , 0.38248051, 0.91113269, ..., 0.82299006,
         0.79779346, 0.77530382],
        [0.0293765 , 0.26568253, 0.79580509, ..., 0.82299006,
         0.79779346, 0.77530382],
        ...,
        [0.0293765 , 0.49927848, 1.14178788, ..., 0.82299006,
         0.79779346, 0.77530382],
        [0.0293765 , 0.49927848, 1.14178788, ..., 0.82299006,
         0.79779346, 0.77530382],
        [0.0293765 , 0.49927848, 1.14178788, ..., 0.82299006,
         0.79779346, 0.77530382]]]), array([[[-16.46640478, -15.67724052, -16.11410345, ..., -14.74134606,
         -14.84510944, -14.94268916],
        [-16.46640478, -15.67724052, -16.11410345, ..., -14.74134606,
         -14.84510944, -14.94268916],
        [  0.65185881,   0.61607645,   0.6804775 , ...,  -1.26720608,
          -1.30295373,  -1.33552751],
        ...,
        [ -7.59603183,  -7.35538508,  -7.89701234, ...,   0.82299006,
           0.79779346,   0.77530382],
        [ -7.59603183,  -7.35538508,  -7.89701234, ...,   0.82299006,
           0.79779346,   0.77530382],
        [ -7.46375434,  -7.35538508,  -7.77447678, ...,   0.82299006,
           0.79779346,   0.77530382]]]), array([[[-16.46640478, -15.67724052, -16.11410345, ..., -14.74134606,
         -14.84510944, -14.94268916],
        [  0.52736235,   0.61607645,   0.5651499 , ...,   0.82299006,
           0.79779346,   0.77530382],
        [  0.52736235,   0.61607645,   0.5651499 , ...,   0.82299006,
           0.79779346,   0.77530382],
        ...,
        [  0.52736235,   0.61607645,   0.5651499 , ...,   0.82299006,
           0.79779346,   0.77530382],
        [  0.52736235,   0.61607645,   0.5651499 , ...,   0.82299006,
           0.79779346,   0.77530382],
        [  0.52736235,   0.49927848,   0.43540636, ...,   0.82299006,
           0.79779346,   0.77530382]]]), array([[[-16.46640478, -15.67724052, -16.11410345, ..., -14.74134606,
         -14.84510944, -14.94268916],
        [-16.46640478, -15.67724052, -16.11410345, ..., -14.74134606,
         -14.84510944, -14.94268916],
        [-16.46640478, -15.67724052, -16.11410345, ..., -14.74134606,
         -14.84510944, -14.94268916],
        ...,
        [  0.65185881,   0.49927848,   0.43540636, ...,   0.82299006,
           0.79779346,   0.77530382],
        [  0.65185881,   0.49927848,   0.43540636, ...,   0.82299006,
           0.79779346,   0.77530382],
        [  0.65185881,   0.49927848,   0.43540636, ...,   0.82299006,
           0.79779346,   0.77530382]]]), array([[[-16.46640478, -15.67724052, -16.11410345, ..., -14.74134606,
         -14.84510944, -14.94268916],
        [-16.46640478, -15.67724052, -16.11410345, ..., -14.74134606,
         -14.84510944, -14.94268916],
        [-16.46640478, -15.67724052, -16.11410345, ..., -14.74134606,
         -14.84510944, -14.94268916],
        ...,
        [ -0.34411289,  -0.55190326,  -0.4872144 , ...,  -1.26720608,
          -1.30295373,  -1.33552751],
        [ -0.34411289,  -0.55190326,  -0.4872144 , ...,  -1.33897248,
          -1.30295373,  -1.26305262],
        [ -0.34411289,  -0.55190326,  -0.4872144 , ...,  -1.19543969,
          -1.23082507,  -1.33552751]]]), array([[[-16.46640478, -15.67724052, -16.11410345, ..., -14.74134606,
         -14.84510944, -14.94268916],
        [-16.46640478, -15.67724052, -16.11410345, ..., -14.74134606,
         -14.84510944, -14.94268916],
        [-16.46640478, -15.67724052, -16.11410345, ..., -14.74134606,
         -14.84510944, -14.94268916],
        ...,
        [ -0.21961643,  -0.43510529,  -0.25655921, ...,   0.82299006,
           0.79779346,   0.77530382],
        [ -0.21961643,  -0.43510529,  -0.25655921, ...,   0.82299006,
           0.79779346,   0.77530382],
        [ -0.21961643,  -0.43510529,  -0.25655921, ...,   0.82299006,
           0.79779346,   0.77530382]]]), array([[[-16.46640478, -15.67724052, -16.11410345, ..., -14.74134606,
         -14.84510944, -14.94268916],
        [-16.46640478, -15.67724052, -16.11410345, ..., -14.74134606,
         -14.84510944, -14.94268916],
        [-16.46640478, -15.67724052, -16.11410345, ..., -14.74134606,
         -14.84510944, -14.94268916],
        ...,
        [  0.15387296,   0.61607645,   0.79580509, ...,   0.82299006,
           0.79779346,   0.77530382],
        [  0.15387296,   0.61607645,   0.79580509, ...,   0.82299006,
           0.79779346,   0.77530382],
        [  0.15387296,   0.61607645,   0.79580509, ...,   0.82299006,
           0.79779346,   0.77530382]]]), array([[[-0.21961643, -0.43510529,  0.08942358, ..., -1.1236733 ,
         -1.15869642, -1.19057772],
        [-0.21961643, -0.43510529,  0.08942358, ..., -1.26720608,
         -1.30295373, -1.33552751],
        [-0.21961643, -0.43510529,  0.08942358, ..., -1.26720608,
         -1.30295373, -1.33552751],
        ...,
        [-0.21961643, -0.55190326, -0.83319718, ...,  0.82299006,
          0.79779346,  0.77530382],
        [-0.21961643, -0.55190326, -0.83319718, ...,  0.82299006,
          0.79779346,  0.77530382],
        [-0.21961643, -0.55190326, -0.83319718, ...,  0.82299006,
          0.79779346,  0.77530382]]]), array([[[0.40286588, 0.26568253, 0.6804775 , ..., 0.82299006,
         0.79779346, 0.77530382],
        [0.40286588, 0.26568253, 0.6804775 , ..., 0.82299006,
         0.79779346, 0.77530382],
        [0.40286588, 0.26568253, 0.6804775 , ..., 0.82299006,
         0.79779346, 0.77530382],
        ...,
        [0.40286588, 0.26568253, 0.6804775 , ..., 0.82299006,
         0.79779346, 0.77530382],
        [0.40286588, 0.26568253, 0.6804775 , ..., 0.82299006,
         0.79779346, 0.77530382],
        [0.40286588, 0.26568253, 0.6804775 , ..., 0.82299006,
         0.79779346, 0.77530382]]]), array([[[-16.46640478, -15.67724052, -16.11410345, ..., -14.74134606,
         -14.84510944, -14.94268916],
        [-16.46640478, -15.67724052, -16.11410345, ..., -14.74134606,
         -14.84510944, -14.94268916],
        [-16.46640478, -15.67724052, -16.11410345, ..., -14.74134606,
         -14.84510944, -14.94268916],
        ...,
        [ -0.34411289,  -0.55190326,  -1.17917996, ...,   0.89475645,
           0.86992212,   0.84777871],
        [ -0.34411289,  -0.55190326,  -1.17917996, ...,   0.89475645,
           0.86992212,   0.84777871],
        [ -0.34411289,  -0.55190326,  -1.17917996, ...,  -1.19543969,
          -1.23082507,  -1.26305262]]]), array([[[-0.21961643, -0.20150935,  0.32007876, ..., -0.54954217,
          0.29289285,  0.70282892],
        [-0.21961643, -0.20150935,  0.32007876, ..., -1.26720608,
         -1.30295373, -1.26305262],
        [-0.21961643, -0.20150935,  0.32007876, ..., -1.26720608,
         -1.30295373, -1.33552751],
        ...,
        [-0.34411289, -0.08471138,  0.43540636, ...,  0.39239172,
          0.3650215 ,  0.34045445],
        [-0.34411289, -0.08471138,  0.43540636, ..., -1.33897248,
         -0.79805312,  0.19550465],
        [-0.34411289, -0.08471138,  0.43540636, ...,  0.09635535,
          0.29289285,  0.41292934]]]), array([[[-16.46640478, -15.67724052, -16.11410345, ..., -14.74134606,
         -14.84510944, -14.94268916],
        [-16.46640478, -15.67724052, -16.11410345, ..., -14.74134606,
         -14.84510944, -14.94268916],
        [-16.46640478, -15.67724052, -16.11410345, ..., -14.74134606,
         -14.84510944, -14.94268916],
        ...,
        [  0.90085173,   1.21466605,   1.25711547, ...,   0.82299006,
           0.79779346,   0.77530382],
        [  0.90085173,   1.33146402,   1.25711547, ...,   0.82299006,
           0.79779346,   0.77530382],
        [  0.90085173,   1.33146402,   1.25711547, ...,   0.82299006,
           0.79779346,   0.77530382]]]), array([[[ 0.0293765 , -0.08471138,  0.08942358, ..., -1.26720608,
         -1.30295373, -1.33552751],
        [ 0.0293765 , -0.08471138,  0.08942358, ..., -1.26720608,
         -1.30295373, -1.33552751],
        [ 0.0293765 , -0.31830732, -0.25655921, ..., -1.26720608,
         -1.30295373, -1.33552751],
        ...,
        [ 0.0293765 , -0.31830732, -0.25655921, ..., -1.33897248,
         -1.30295373, -1.40800241],
        [ 0.0293765 , -0.31830732, -0.25655921, ..., -0.69307495,
         -1.08656776, -1.26305262],
        [ 0.0293765 , -0.31830732, -0.25655921, ..., -1.1236733 ,
         -1.23082507, -1.33552751]]]), array([[[ 0.52736235,  0.73287442,  0.5651499 , ...,  0.82299006,
          0.79779346,  0.77530382],
        [ 0.65185881,  0.96647036,  0.6804775 , ...,  0.82299006,
          0.79779346,  0.77530382],
        [ 0.65185881,  0.96647036,  0.6804775 , ...,  0.82299006,
          0.79779346,  0.77530382],
        ...,
        [ 0.65185881,  0.96647036,  0.6804775 , ...,  0.82299006,
          0.79779346,  0.77530382],
        [ 0.90085173,  1.08326833,  0.6804775 , ...,  0.82299006,
          0.79779346,  0.77530382],
        [ 1.66339257,  0.73287442, -0.14123161, ...,  0.82299006,
          0.79779346,  0.77530382]]]), array([[[-0.21961643, -0.43510529, -0.14123161, ...,  0.82299006,
          0.79779346,  0.77530382],
        [-0.21961643, -0.43510529, -0.25655921, ...,  0.82299006,
          0.79779346,  0.77530382],
        [-0.21961643, -0.43510529, -0.25655921, ...,  0.82299006,
          0.79779346,  0.77530382],
        ...,
        [-0.21961643, -0.43510529, -0.25655921, ...,  0.82299006,
          0.79779346,  0.77530382],
        [-0.21961643, -0.43510529, -0.25655921, ...,  0.82299006,
          0.79779346,  0.77530382],
        [-0.21961643, -0.43510529, -0.25655921, ...,  0.82299006,
          0.79779346,  0.77530382]]]), array([[[-0.21961643, -0.43510529, -0.25655921, ..., -1.26720608,
         -1.30295373, -1.33552751],
        [-0.21961643, -0.43510529, -0.25655921, ..., -1.26720608,
         -1.30295373, -1.33552751],
        [-0.21961643, -0.43510529, -0.25655921, ..., -1.26720608,
         -1.30295373, -1.33552751],
        ...,
        [-0.21961643, -0.43510529, -0.25655921, ..., -1.26720608,
         -1.30295373, -1.33552751],
        [-0.21961643, -0.43510529, -0.25655921, ..., -1.26720608,
         -1.30295373, -1.33552751],
        [-0.21961643, -0.43510529, -0.25655921, ..., -1.26720608,
         -1.30295373, -1.33552751]]]), array([[[-16.46640478, -15.67724052, -16.11410345, ..., -14.74134606,
         -14.84510944, -14.94268916],
        [-16.46640478, -15.67724052, -16.11410345, ..., -14.74134606,
         -14.84510944, -14.94268916],
        [-16.46640478, -15.67724052, -16.11410345, ..., -14.74134606,
         -14.84510944, -14.94268916],
        ...,
        [-16.46640478, -15.67724052, -16.11410345, ..., -14.74134606,
         -14.84510944, -14.94268916],
        [-16.46640478, -15.67724052, -16.11410345, ..., -14.74134606,
         -14.84510944, -14.94268916],
        [  0.90085173,   1.33146402,   1.25711547, ...,   0.82299006,
           0.79779346,   0.77530382]]]), array([[[-0.21961643, -0.43510529, -0.4872144 , ..., -1.26720608,
         -1.30295373, -1.26305262],
        [-0.21961643, -0.43510529, -0.4872144 , ..., -1.05190691,
         -0.6537958 , -0.46582877],
        [-0.21961643, -0.43510529, -0.4872144 , ...,  0.16812174,
          0.58140748,  0.55787913],
        ...,
        [-0.21961643, -0.43510529, -0.4872144 , ..., -1.1236733 ,
         -0.6537958 ,  0.34045445],
        [-0.21961643, -0.43510529, -0.4872144 , ..., -0.62130856,
         -0.58166714, -0.61077856],
        [-0.21961643, -0.43510529, -0.4872144 , ..., -1.19543969,
         -1.23082507, -1.19057772]]]), array([[[-0.21961643, -0.43510529,  0.32007876, ..., -1.26720608,
         -1.30295373, -1.33552751],
        [-0.21961643, -0.43510529,  0.32007876, ..., -1.26720608,
         -1.30295373, -1.33552751],
        [-0.21961643, -0.20150935,  0.6804775 , ..., -1.26720608,
         -1.30295373, -1.33552751],
        ...,
        [ 0.65185881,  0.61607645,  0.6804775 , ..., -1.26720608,
         -1.30295373, -1.33552751],
        [ 0.65185881,  0.73287442,  0.79580509, ..., -1.26720608,
         -1.30295373, -1.33552751],
        [ 0.77635527,  1.08326833,  0.91113269, ..., -1.26720608,
         -1.30295373, -1.33552751]]]), array([[[-0.34411289, -0.55190326, -1.06385237, ...,  0.82299006,
          0.79779346,  0.77530382],
        [-0.34411289, -0.55190326, -1.06385237, ...,  0.82299006,
          0.79779346,  0.77530382],
        [-0.21961643, -0.43510529, -0.94852478, ...,  0.82299006,
          0.79779346,  0.77530382],
        ...,
        [-0.34411289, -0.20150935,  0.43540636, ...,  0.82299006,
          0.79779346,  0.77530382],
        [-0.34411289, -0.20150935,  0.43540636, ...,  0.82299006,
          0.79779346,  0.77530382],
        [-0.34411289, -0.20150935,  0.43540636, ...,  0.82299006,
          0.79779346,  0.77530382]]]), array([[[-16.46640478, -15.67724052, -16.11410345, ..., -14.74134606,
         -14.84510944, -14.94268916],
        [-16.46640478, -15.67724052, -16.11410345, ..., -14.74134606,
         -14.84510944, -14.94268916],
        [-16.46640478, -15.67724052, -16.11410345, ..., -14.74134606,
         -14.84510944, -14.94268916],
        ...,
        [  0.65185881,   0.61607645,   0.32007876, ...,   0.82299006,
           0.79779346,   0.77530382],
        [  0.65185881,   0.61607645,   0.32007876, ...,   0.82299006,
           0.79779346,   0.77530382],
        [  0.65185881,   0.61607645,   0.32007876, ...,   0.82299006,
           0.79779346,   0.77530382]]]), array([[[-16.46640478, -15.67724052, -16.11410345, ..., -14.74134606,
         -14.84510944, -14.94268916],
        [-16.46640478, -15.67724052, -16.11410345, ..., -14.74134606,
         -14.84510944, -14.94268916],
        [-16.46640478, -15.67724052, -16.11410345, ..., -14.74134606,
         -14.84510944, -14.94268916],
        ...,
        [ -0.34411289,   0.49927848,   0.43540636, ...,   0.82299006,
           0.79779346,   0.77530382],
        [ -0.34411289,   0.49927848,   0.43540636, ...,   0.82299006,
           0.79779346,   0.77530382],
        [ -0.34411289,   0.49927848,   0.43540636, ...,   0.82299006,
           0.79779346,   0.77530382]]]), array([[[-16.46640478, -15.67724052, -16.11410345, ..., -14.74134606,
         -14.84510944, -14.94268916],
        [-16.46640478, -15.67724052, -16.11410345, ..., -14.74134606,
         -14.84510944, -14.94268916],
        [-16.46640478, -15.67724052, -16.11410345, ..., -14.74134606,
         -14.84510944, -14.94268916],
        ...,
        [ -0.34411289,   0.14888456,  -0.02590402, ...,   0.82299006,
           0.79779346,   0.77530382],
        [ -0.21961643,   0.26568253,   0.08942358, ...,   0.82299006,
           0.79779346,   0.77530382],
        [ -0.34411289,   0.14888456,  -0.02590402, ...,   0.82299006,
           0.79779346,   0.77530382]]]), array([[[-0.21961643, -0.20150935,  0.6804775 , ..., -1.26720608,
         -1.30295373, -1.33552751],
        [-0.21961643, -0.20150935,  0.6804775 , ..., -1.33897248,
         -1.37508239, -1.40800241],
        [-0.21961643, -0.20150935,  0.6804775 , ..., -1.26720608,
         -1.30295373, -1.33552751],
        ...,
        [ 0.77635527,  1.08326833,  0.91113269, ..., -1.26720608,
         -1.30295373, -1.33552751],
        [ 0.77635527,  1.21466605,  0.91113269, ..., -1.26720608,
         -1.30295373, -1.33552751],
        [ 1.27434112,  1.44826199,  0.6804775 , ..., -1.26720608,
         -1.30295373, -1.33552751]]]), array([[[-0.21961643, -0.43510529, -0.02590402, ...,  0.82299006,
          0.79779346,  0.77530382],
        [-0.21961643, -0.43510529, -0.02590402, ...,  0.82299006,
          0.79779346,  0.77530382],
        [-0.21961643, -0.43510529, -0.02590402, ...,  0.82299006,
          0.79779346,  0.77530382],
        ...,
        [-0.21961643, -0.43510529, -0.02590402, ...,  0.82299006,
          0.79779346,  0.77530382],
        [-0.21961643, -0.43510529, -0.02590402, ...,  0.82299006,
          0.79779346,  0.77530382],
        [-0.21961643, -0.43510529, -0.02590402, ...,  0.82299006,
          0.79779346,  0.77530382]]]), array([[[-16.46640478, -15.67724052, -16.11410345, ..., -14.74134606,
         -14.84510944, -14.94268916],
        [-16.46640478, -15.67724052, -16.11410345, ..., -14.74134606,
         -14.84510944, -14.94268916],
        [-16.46640478, -15.67724052, -16.11410345, ..., -14.74134606,
         -14.84510944, -14.94268916],
        ...,
        [ -0.21961643,  -0.43510529,  -0.25655921, ...,   0.82299006,
           0.79779346,   0.77530382],
        [ -0.21961643,  -0.43510529,  -0.25655921, ...,   0.82299006,
           0.79779346,   0.77530382],
        [ -0.21961643,  -0.43510529,  -0.25655921, ...,   0.82299006,
           0.79779346,   0.77530382]]]), array([[[-0.34411289, -0.43510529, -0.25655921, ...,  0.82299006,
          0.79779346,  0.77530382],
        [-0.34411289, -0.43510529, -0.25655921, ...,  0.82299006,
          0.79779346,  0.77530382],
        [-0.34411289, -0.43510529, -0.25655921, ...,  0.82299006,
          0.79779346,  0.77530382],
        ...,
        [-0.34411289, -0.55190326, -1.17917996, ...,  0.82299006,
          0.79779346,  0.77530382],
        [-0.34411289, -0.55190326, -1.17917996, ...,  0.82299006,
          0.79779346,  0.77530382],
        [-0.34411289, -0.55190326, -1.17917996, ...,  0.82299006,
          0.79779346,  0.77530382]]]), array([[[-16.46640478, -15.67724052, -16.11410345, ..., -14.74134606,
         -14.84510944, -14.94268916],
        [-16.46640478, -15.67724052, -16.11410345, ..., -14.74134606,
         -14.84510944, -14.94268916],
        [-16.46640478, -15.67724052, -16.11410345, ..., -14.74134606,
         -14.84510944, -14.94268916],
        ...,
        [ -0.34411289,  -0.55190326,  -1.17917996, ...,   0.82299006,
           0.79779346,   0.77530382],
        [ -0.34411289,  -0.55190326,  -1.17917996, ...,   0.82299006,
           0.79779346,   0.77530382],
        [ -0.34411289,  -0.55190326,  -1.17917996, ...,   0.82299006,
           0.79779346,   0.77530382]]]), array([[[-0.09511997, -0.31830732, -0.83319718, ..., -1.26720608,
         -1.30295373, -1.33552751],
        [-0.09511997, -0.31830732, -0.83319718, ..., -1.26720608,
         -1.30295373, -1.33552751],
        [-0.09511997, -0.31830732, -0.83319718, ..., -1.26720608,
         -1.30295373, -1.33552751],
        ...,
        [-0.09511997, -0.31830732, -0.83319718, ..., -1.19543969,
         -1.30295373, -1.33552751],
        [-0.09511997, -0.31830732, -0.83319718, ..., -1.19543969,
         -1.30295373, -1.33552751],
        [-0.09511997, -0.31830732, -0.83319718, ..., -1.19543969,
         -1.30295373, -1.33552751]]]), array([[[-16.46640478, -15.67724052, -16.11410345, ..., -14.74134606,
         -14.84510944, -14.94268916],
        [-16.46640478, -15.67724052, -16.11410345, ..., -14.74134606,
         -14.84510944, -14.94268916],
        [-16.46640478, -15.67724052, -16.11410345, ..., -14.74134606,
         -14.84510944, -14.94268916],
        ...,
        [  0.40286588,   0.49927848,   0.6804775 , ...,   0.82299006,
           0.79779346,   0.77530382],
        [  0.15387296,   0.61607645,   0.6804775 , ...,   0.82299006,
           0.79779346,   0.77530382],
        [ -0.09511997,   0.73287442,   0.5651499 , ...,   0.82299006,
           0.79779346,   0.77530382]]]), array([[[0.15387296, 0.26568253, 0.08942358, ..., 0.82299006,
         0.79779346, 0.77530382],
        [0.15387296, 0.26568253, 0.08942358, ..., 0.82299006,
         0.79779346, 0.77530382],
        [0.52736235, 0.49927848, 0.43540636, ..., 0.82299006,
         0.79779346, 0.77530382],
        ...,
        [0.65185881, 0.96647036, 0.43540636, ..., 0.82299006,
         0.79779346, 0.77530382],
        [0.65185881, 0.73287442, 0.5651499 , ..., 0.82299006,
         0.79779346, 0.77530382],
        [0.65185881, 0.73287442, 0.5651499 , ..., 0.82299006,
         0.79779346, 0.77530382]]]), array([[[-0.21961643, -0.43510529, -0.02590402, ..., -1.26720608,
         -1.30295373, -1.26305262],
        [-0.21961643, -0.20150935,  0.32007876, ..., -1.19543969,
         -1.23082507, -1.26305262],
        [-0.21961643, -0.20150935,  0.32007876, ..., -1.26720608,
         -1.30295373, -1.33552751],
        ...,
        [-0.21961643, -0.31830732, -0.02590402, ..., -1.26720608,
         -1.30295373, -1.33552751],
        [-0.21961643, -0.31830732, -0.02590402, ..., -1.26720608,
         -1.30295373, -1.33552751],
        [-0.21961643, -0.31830732, -0.02590402, ..., -1.26720608,
         -1.30295373, -1.33552751]]]), array([[[-0.34411289,  0.61607645,  1.37244306, ...,  0.82299006,
          0.79779346,  0.77530382],
        [-0.46860935,  0.49927848,  1.25711547, ...,  0.82299006,
          0.79779346,  0.77530382],
        [-0.46860935,  0.38248051,  1.14178788, ...,  0.82299006,
          0.79779346,  0.77530382],
        ...,
        [-0.34411289, -0.31830732,  0.08942358, ...,  0.82299006,
          0.79779346,  0.77530382],
        [-0.34411289, -0.31830732,  0.08942358, ...,  0.82299006,
          0.79779346,  0.77530382],
        [-0.34411289, -0.31830732,  0.08942358, ...,  0.82299006,
          0.79779346,  0.77530382]]]), array([[[-0.21961643, -0.43510529,  0.08942358, ..., -1.41073887,
         -1.37508239, -1.33552751],
        [-0.21961643, -0.43510529, -0.02590402, ..., -1.26720608,
         -1.30295373, -1.33552751],
        [-0.21961643, -0.43510529, -0.25655921, ..., -1.19543969,
         -1.23082507, -1.26305262],
        ...,
        [-0.21961643, -0.43510529, -0.4872144 , ..., -1.26720608,
         -1.30295373, -1.33552751],
        [-0.21961643, -0.43510529, -0.3718868 , ..., -1.05190691,
         -1.08656776, -1.19057772],
        [-0.21961643, -0.43510529, -0.3718868 , ..., -1.05190691,
         -1.30295373, -1.19057772]]]), array([[[ 0.15387296, -0.20150935,  0.32007876, ..., -1.26720608,
         -1.30295373, -1.33552751],
        [ 0.15387296, -0.20150935,  0.32007876, ..., -1.26720608,
         -1.30295373, -1.33552751],
        [ 0.15387296, -0.20150935,  0.32007876, ..., -1.26720608,
         -1.30295373, -1.33552751],
        ...,
        [ 0.15387296,  0.14888456,  0.5651499 , ..., -1.26720608,
         -1.30295373, -1.33552751],
        [ 0.15387296,  0.14888456,  0.5651499 , ..., -1.26720608,
         -1.30295373, -1.33552751],
        [ 0.15387296,  0.14888456,  0.5651499 , ..., -1.26720608,
         -1.30295373, -1.33552751]]]), array([[[-16.46640478, -15.67724052, -16.11410345, ..., -14.74134606,
         -14.84510944, -14.94268916],
        [-16.46640478, -15.67724052, -16.11410345, ..., -14.74134606,
         -14.84510944, -14.94268916],
        [-16.46640478, -15.67724052, -16.11410345, ..., -14.74134606,
         -14.84510944, -14.94268916],
        ...,
        [  0.0293765 ,   0.14888456,   0.43540636, ...,   0.82299006,
           0.79779346,   0.77530382],
        [  0.0293765 ,   0.14888456,   0.43540636, ...,   0.82299006,
           0.79779346,   0.77530382],
        [  0.0293765 ,   0.14888456,   0.43540636, ...,   0.82299006,
           0.79779346,   0.77530382]]]), array([[[-0.21961643, -0.31830732, -0.02590402, ..., -1.26720608,
         -1.30295373, -1.33552751],
        [-0.34411289, -0.43510529, -0.14123161, ..., -1.26720608,
         -1.30295373, -1.33552751],
        [-0.34411289, -0.43510529, -0.14123161, ..., -1.26720608,
         -1.30295373, -1.33552751],
        ...,
        [-0.46860935, -0.66870123, -0.94852478, ..., -1.26720608,
         -1.30295373, -1.33552751],
        [-0.46860935, -0.66870123, -0.94852478, ..., -1.26720608,
         -1.30295373, -1.33552751],
        [-0.46860935, -0.66870123, -0.94852478, ..., -1.26720608,
         -1.30295373, -1.33552751]]]), array([[[0.52148438, 0.55664062, 0.58837891, ..., 0.84716797,
         0.84716797, 0.84716797],
        [0.52148438, 0.52148438, 0.56054688, ..., 0.84716797,
         0.84716797, 0.84716797],
        [0.70605469, 0.71386719, 0.71386719, ..., 0.84716797,
         0.84716797, 0.84716797],
        ...,
        [0.67041016, 0.65869141, 0.64306641, ..., 0.84716797,
         0.84716797, 0.84716797],
        [0.62744141, 0.61572266, 0.60009766, ..., 0.84716797,
         0.84716797, 0.84716797],
        [0.58837891, 0.56494141, 0.55664062, ..., 0.84716797,
         0.84716797, 0.84716797]]])]