[[[-16.466404   -15.67724    -16.114103   ... -14.741346   -14.845109
   -14.942689  ]
  [-16.466404   -15.67724    -16.114103   ... -14.741346   -14.845109
   -14.942689  ]
  [-16.466404   -15.67724    -16.114103   ... -14.741346   -14.845109
   -14.942689  ]
  ...
  [ -0.3441129   -0.55190325  -1.1791799  ...   0.89475644   0.8699221
     0.84777874]
  [ -0.3441129   -0.55190325  -1.1791799  ...   0.89475644   0.8699221
     0.84777874]
  [ -0.3441129   -0.55190325  -1.1791799  ...  -1.1954397   -1.2308251
    -1.2630526 ]]

 [[ -0.21961643  -0.4351053   -0.4872144  ...  -0.90837413  -0.22102384
    -0.10345429]
  [ -0.21961643  -0.4351053   -0.8331972  ...  -1.2672061   -1.3029537
    -1.3355275 ]
  [ -0.21961643  -0.4351053   -1.0638524  ...  -1.2672061   -1.3029537
    -1.2630526 ]
  ...
  [ -0.21961643  -0.4351053   -1.0638524  ...  -1.2672061   -1.3029537
    -1.3355275 ]
  [ -0.21961643  -0.4351053   -1.0638524  ...  -1.2672061   -1.3029537
    -1.3355275 ]
  [ -0.21961643  -0.4351053   -1.0638524  ...  -1.2672061   -1.3029537
    -1.3355275 ]]

 [[-16.466404   -15.67724    -16.114103   ... -14.741346   -14.845109
   -14.942689  ]
  [-16.466404   -15.67724    -16.114103   ... -14.741346   -14.845109
   -14.942689  ]
  [-16.466404   -15.67724    -16.114103   ... -14.741346   -14.845109
   -14.942689  ]
  ...
  [ -0.21961643  -0.4351053   -0.3718868  ...  -1.1236733   -1.2308251
    -1.2630526 ]
  [ -0.21961643  -0.4351053   -0.3718868  ...  -1.3389724   -1.3750824
    -1.4080024 ]
  [ -0.21961643  -0.4351053   -0.3718868  ...  -0.69307494  -1.1586964
    -1.2630526 ]]

 ...

 [[ -0.21961643  -0.20150936   0.43540636 ...  -1.2672061   -1.3750824
    -1.3355275 ]
  [ -0.21961643  -0.20150936   0.43540636 ...  -0.83660775  -0.07676653
     0.0414955 ]
  [ -0.21961643  -0.20150936   0.43540636 ...  -1.4107388   -1.1586964
    -0.39335388]
  ...
  [ -0.21961643  -0.20150936   0.43540636 ...  -1.2672061   -1.0865678
    -0.82820326]
  [ -0.21961643  -0.20150936   0.43540636 ...  -1.2672061   -1.2308251
    -0.97315305]
  [ -0.21961643  -0.20150936   0.43540636 ...  -1.2672061   -1.1586964
    -0.90067816]]

 [[ -0.3441129   -0.3183073    0.43540636 ...   0.82299006   0.79779345
     0.77530384]
  [ -0.3441129   -0.3183073    0.43540636 ...   0.82299006   0.79779345
     0.77530384]
  [ -0.3441129   -0.3183073    0.43540636 ...   0.82299006   0.79779345
     0.77530384]
  ...
  [ -0.3441129   -0.3183073    0.43540636 ...   0.82299006   0.79779345
     0.77530384]
  [ -0.3441129   -0.3183073    0.43540636 ...   0.82299006   0.79779345
     0.77530384]
  [ -0.3441129   -0.3183073    0.43540636 ...   0.82299006   0.79779345
     0.77530384]]

 [[-16.466404   -15.67724    -16.114103   ... -14.741346   -14.845109
   -14.942689  ]
  [-16.466404   -15.67724    -16.114103   ... -14.741346   -14.845109
   -14.942689  ]
  [-16.466404   -15.67724    -16.114103   ... -14.741346   -14.845109
   -14.942689  ]
  ...
  [ -0.46860936  -0.55190325  -0.7178696  ...  -0.334243    -0.6537958
    -1.2630526 ]
  [ -0.46860936  -0.55190325  -0.7178696  ...  -0.83660775  -1.3029537
    -1.4804773 ]
  [ -0.46860936  -0.55190325  -0.7178696  ...  -1.1236733   -1.3029537
    -1.3355275 ]]]